92 75 67 67 68 78 74 71 66 66 70 70 65 64 73 94 98 124 161 177 189 180 163 165 171 178 189 205 218 191 160 160 161 157 128 72 50 45 31 28 29 31 31 21 26 28 22 21 21 25 28 28 29 28 37 40 40 36 35 40 45 45 42 36 45 51 45 35 37 40 39 42 52 61 57 61 66 71 73 80 81 78 79 80 81 84 83 84 84 85 85 88 90 92 95 95
83 67 64 66 65 66 67 65 64 65 64 65 66 67 67 87 97 116 133 169 191 183 164 166 165 171 176 186 191 173 163 157 159 134 71 47 46 45 34 29 28 29 29 22 25 33 22 28 26 26 28 28 28 28 32 35 36 36 35 39 44 41 41 38 44 48 44 36 38 42 40 41 52 60 59 63 67 72 74 77 76 76 79 80 80 84 85 86 85 85 85 87 89 92 94 94
97 79 68 68 67 66 69 72 72 73 65 68 77 75 67 80 94 107 116 161 170 165 163 164 163 166 166 167 165 164 162 146 149 103 40 44 46 45 36 29 28 29 29 28 27 37 27 36 34 30 36 34 29 28 29 34 34 37 34 39 42 38 40 39 43 46 42 37 40 45 44 43 52 58 63 68 68 69 73 79 76 75 79 81 81 84 85 87 87 86 87 88 89 92 94 94
103 91 77 69 70 69 72 82 82 83 73 75 82 79 68 73 84 97 101 135 155 162 163 164 164 164 164 164 165 163 140 107 116 67 38 41 44 41 34 28 28 28 30 32 30 36 25 34 35 30 37 36 34 27 28 31 31 36 35 35 38 36 39 39 42 44 41 39 41 45 46 45 52 57 65 70 70 69 71 78 76 77 81 81 81 84 85 85 86 87 88 90 91 93 96 95
104 92 82 72 72 70 75 81 81 84 79 80 80 73 68 68 74 95 96 103 127 152 161 164 165 166 166 166 164 152 86 53 57 42 37 39 40 36 29 28 27 27 31 31 28 28 23 29 32 29 31 31 53 33 28 29 29 33 35 34 36 38 39 39 41 40 40 39 41 43 46 46 51 56 62 68 68 70 71 73 74 76 80 80 81 84 85 83 85 87 89 91 93 95 96 96
109 99 91 77 72 71 75 76 73 74 77 74 76 70 69 70 72 90 98 98 105 117 136 160 166 167 168 168 148 109 47 39 36 37 35 35 38 35 34 33 26 26 28 28 28 25 22 30 31 28 27 30 58 41 33 30 31 30 34 34 34 38 40 39 40 39 39 39 39 44 48 48 52 57 62 68 68 70 73 73 74 75 79 80 83 85 85 84 84 87 89 91 95 96 96 96
110 101 97 84 73 74 76 78 73 72 74 72 73 71 70 70 72 87 100 98 101 99 99 135 160 169 170 168 118 55 37 35 35 37 38 32 40 33 33 33 27 24 28 30 32 34 37 44 37 36 31 31 44 41 35 34 33 30 37 36 37 44 49 46 46 49 42 41 42 44 52 53 54 57 62 68 68 70 74 73 74 75 79 80 84 87 87 85 85 88 89 91 95 96 96 96
111 104 105 100 84 82 82 81 74 72 75 75 76 75 73 71 71 79 95 94 96 97 90 98 124 156 157 143 86 44 36 34 36 45 50 43 43 30 30 39 35 29 36 45 50 56 58 49 45 47 46 41 36 35 37 34 34 35 47 43 41 45 50 49 50 53 50 46 44 47 54 59 60 62 63 68 68 70 74 73 76 76 79 80 84 88 89 88 88 90 89 91 95 96 96 96
114 99 105 111 93 85 85 82 80 76 75 78 80 80 78 73 71 74 90 92 95 95 88 87 92 108 100 73 51 40 37 38 45 56 50 55 46 29 30 44 49 44 55 62 57 68 76 90 84 80 70 73 54 36 42 35 34 36 53 47 44 44 46 47 49 53 52 52 49 53 57 60 65 66 68 70 70 70 73 75 77 77 79 81 82 87 88 89 90 91 89 93 94 96 96 95
112 101 107 110 95 87 85 82 84 83 79 79 80 83 82 75 72 74 87 93 96 87 86 86 85 76 54 43 41 40 44 52 55 57 51 56 46 41 35 50 51 50 57 69 72 115 149 170 196 199 166 157 89 58 56 38 34 36 54 52 46 44 44 45 47 54 54 52 54 58 62 65 73 73 71 77 79 78 77 75 78 80 81 83 84 89 89 92 93 92 91 94 94 95 95 95
109 107 102 91 85 85 84 82 84 85 85 83 86 90 86 77 74 74 85 88 83 66 72 75 68 56 42 45 43 48 54 59 60 57 56 54 47 52 46 57 45 57 56 90 140 177 162 134 151 196 225 232 209 184 109 37 36 39 49 53 44 40 43 48 51 53 53 50 57 62 67 69 74 74 72 80 84 84 85 79 82 84 84 86 87 89 89 93 93 93 93 95 96 96 96 96
102 111 95 71 71 73 79 84 82 87 87 89 94 93 88 79 75 76 75 66 57 49 50 50 47 45 44 51 51 53 55 57 60 57 58 51 46 48 45 44 40 59 63 152 174 110 55 36 70 158 236 224 203 229 211 120 74 43 47 47 43 39 40 43 50 51 54 49 58 63 69 71 71 72 73 77 79 81 81 80 83 83 85 87 87 89 89 93 94 93 93 95 95 97 97 98
89 95 90 68 66 67 69 79 78 86 91 96 97 91 88 80 77 77 63 53 49 49 45 43 43 45 43 50 57 52 53 55 56 55 55 47 37 45 44 43 43 68 143 175 112 33 3 6 33 93 221 161 147 211 243 211 142 68 41 39 42 43 41 42 49 49 57 51 56 62 69 72 69 72 72 74 77 78 77 81 83 84 87 87 87 89 89 92 92 92 94 96 96 100 101 101
78 78 84 71 63 64 68 79 66 74 93 101 100 92 90 82 80 76 58 53 49 50 46 43 43 43 39 46 56 50 52 53 54 52 50 44 38 44 45 45 49 123 169 123 53 9 0 2 23 54 104 88 82 154 230 249 157 104 39 39 41 44 42 46 52 51 58 55 57 63 71 74 68 72 74 74 75 73 78 82 83 84 85 86 87 89 90 91 92 92 95 96 97 100 101 101
79 67 73 72 63 65 67 74 60 63 91 101 101 96 96 88 85 73 60 56 54 58 50 45 42 39 39 44 49 50 52 53 51 51 48 43 40 43 45 52 100 164 132 71 29 6 26 59 52 47 71 67 50 79 204 251 231 130 47 44 41 45 43 52 56 52 57 58 60 69 74 68 66 73 75 76 75 75 84 83 83 84 85 85 88 89 90 90 92 94 95 96 98 100 101 102
140 69 65 70 68 63 63 68 66 60 85 96 99 98 98 91 88 74 62 60 60 62 56 46 44 39 39 42 45 52 54 53 49 54 49 43 40 44 48 89 156 134 88 47 18 26 84 116 112 94 120 107 79 110 184 243 251 220 63 56 42 42 45 55 58 52 61 60 62 72 74 64 66 75 79 80 79 80 85 84 84 84 85 86 89 89 91 92 93 95 96 97 98 101 102 104
182 96 62 67 71 60 60 66 69 62 85 88 95 101 98 93 91 74 67 63 63 61 56 47 45 41 41 41 40 53 56 51 48 55 49 44 43 44 53 132 141 99 66 33 19 67 116 135 141 142 150 144 122 116 129 217 252 251 156 90 44 41 46 56 58 55 62 63 66 72 74 68 69 77 80 84 83 84 86 84 83 86 85 87 90 90 91 93 94 96 96 98 99 101 103 104
194 150 95 79 90 59 56 60 66 68 88 90 95 102 100 94 90 77 73 68 65 61 57 50 54 45 44 39 41 56 57 53 52 56 45 45 46 46 96 144 113 74 49 25 35 100 132 142 146 147 148 148 144 131 109 183 245 249 246 121 48 42 46 53 53 54 60 65 68 71 75 73 74 78 78 85 83 86 86 84 85 86 85 88 88 91 93 95 96 99 98 98 100 102 103 104
200 169 133 101 127 76 74 93 65 66 76 95 102 101 99 92 87 86 83 72 68 62 58 54 60 52 51 45 49 58 61 59 57 56 47 46 48 60 138 124 83 58 38 25 67 119 136 142 140 141 144 147 148 136 131 136 229 238 250 213 66 43 45 51 57 58 62 67 68 68 74 74 75 77 75 84 84 86 87 84 86 87 87 88 89 92 94 95 97 100 99 98 100 102 104 105
203 155 101 92 114 97 126 143 89 63 69 105 121 99 102 89 85 88 89 75 69 65 60 59 62 55 59 56 54 59 64 58 57 55 46 46 45 96 134 89 62 40 25 39 102 127 136 142 139 135 138 141 141 134 119 91 220 227 250 241 122 44 45 52 58 62 64 70 69 68 69 69 68 73 80 84 84 87 85 84 86 87 88 90 91 93 95 96 99 99 98 98 101 101 104 105
171 155 109 150 96 127 129 156 149 86 68 101 142 101 122 93 85 87 86 76 73 72 64 63 64 57 59 58 59 59 64 55 57 52 45 42 46 127 101 74 49 33 38 62 124 136 140 143 139 135 140 137 135 129 116 85 177 215 245 245 171 48 53 57 59 61 70 78 75 74 68 66 67 70 81 86 86 89 85 85 87 85 86 91 94 95 96 97 102 99 97 99 102 103 105 106
140 144 126 189 80 123 125 146 174 97 68 79 125 136 135 125 90 88 85 80 83 78 66 62 66 61 59 59 60 57 55 54 60 51 46 52 65 118 92 66 40 33 51 84 128 138 142 142 143 140 142 137 135 136 128 108 111 191 234 246 207 75 59 62 66 62 76 83 82 81 70 67 71 74 80 81 81 89 88 88 86 83 85 92 95 96 97 97 102 99 99 101 103 105 107 108
144 153 145 195 114 87 120 148 163 74 62 66 83 150 125 151 119 97 90 85 84 76 68 64 67 63 62 59 61 57 53 59 66 56 50 55 91 104 89 59 29 34 57 83 93 132 143 148 147 146 150 149 143 140 134 118 80 148 223 247 225 125 60 63 69 65 81 84 77 76 71 69 74 78 81 80 81 89 90 90 86 84 86 91 95 96 97 97 100 100 102 102 105 106 109 109
162 164 128 185 170 103 95 152 108 60 59 70 110 122 84 142 139 99 96 95 95 78 71 67 67 63 62 59 64 59 63 69 76 73 54 59 124 100 79 60 30 42 67 56 55 69 128 136 138 144 153 154 146 139 131 122 82 118 203 242 232 132 66 66 73 67 80 82 77 73 74 73 76 80 83 83 85 89 88 89 88 86 91 92 97 97 97 97 99 101 103 103 106 107 109 110
136 166 101 184 175 119 125 116 73 61 73 77 136 84 59 129 153 81 87 87 117 91 73 68 68 64 61 64 67 65 70 77 87 82 62 85 151 107 72 55 30 52 72 88 96 65 79 126 130 133 133 136 140 116 96 113 86 130 187 229 231 131 71 67 72 64 70 75 74 75 84 76 77 81 84 86 86 88 89 91 90 93 96 96 100 98 98 99 101 102 103 105 106 107 109 111
94 142 88 184 185 119 176 135 75 74 105 118 133 78 67 92 142 135 98 69 121 118 74 69 65 63 61 65 69 70 76 81 94 89 84 122 138 106 73 51 31 54 87 113 112 103 84 113 124 127 125 110 69 53 54 87 92 84 181 222 227 155 72 67 67 59 67 73 64 66 90 77 78 83 85 87 87 87 91 93 90 93 97 97 100 99 99 102 100 102 103 105 107 109 110 111
91 78 70 142 183 127 183 180 102 78 104 136 95 67 67 60 82 159 148 73 138 120 77 67 60 59 60 62 66 77 78 84 92 88 98 117 140 109 71 43 32 67 102 112 105 100 100 112 118 116 106 70 57 88 89 84 100 56 135 215 225 182 74 69 73 62 67 69 58 60 89 85 80 85 87 88 89 88 91 94 90 92 95 99 101 100 100 102 102 104 105 105 107 109 112 115
90 80 72 79 136 133 160 179 121 75 85 102 59 60 62 65 70 136 164 83 137 106 97 73 55 54 53 53 62 80 78 86 90 82 120 120 132 93 65 43 33 81 109 102 84 77 85 110 122 110 93 74 80 91 102 103 109 48 74 191 219 206 82 71 71 66 67 59 68 71 82 93 82 87 89 89 89 90 93 96 93 92 96 98 99 100 100 103 105 106 106 108 108 112 115 117
80 72 64 64 80 89 137 139 91 75 77 74 66 63 66 85 130 138 164 94 102 100 124 113 71 54 51 48 59 75 76 85 93 96 137 146 128 107 63 33 32 88 110 92 76 35 67 98 126 116 72 61 69 85 94 108 116 46 60 168 222 238 93 74 69 72 82 82 83 82 76 91 85 89 92 91 91 94 95 97 97 95 98 99 99 102 102 104 107 107 107 109 110 114 118 117
74 65 68 73 70 87 144 157 80 79 81 75 71 66 67 81 165 162 121 93 91 104 116 129 109 87 65 55 62 75 81 85 87 93 137 140 113 109 58 30 39 93 120 107 96 77 80 103 132 121 72 54 40 41 81 104 116 46 52 169 228 246 215 91 71 68 67 82 103 74 79 90 88 91 95 92 93 95 96 99 98 96 98 103 107 112 114 109 109 108 108 111 111 114 119 120
76 84 76 80 72 107 159 177 97 82 84 84 78 72 70 84 167 168 105 96 95 96 105 103 126 118 98 95 96 80 83 86 86 112 134 145 124 101 54 32 40 98 129 117 118 108 110 126 141 126 96 73 61 61 85 109 116 51 42 174 233 248 247 161 78 61 52 67 111 66 91 91 89 92 94 91 94 97 97 100 99 97 99 109 114 122 122 117 114 110 110 113 114 115 118 123
82 123 101 73 73 121 150 163 108 94 94 93 89 83 80 104 140 118 142 106 99 83 83 72 113 123 101 107 146 141 102 103 97 141 146 153 131 76 48 30 38 102 132 130 129 120 132 135 149 136 114 101 92 89 116 129 117 55 41 172 230 244 232 189 68 59 55 58 108 80 90 87 92 94 94 91 96 100 100 104 103 102 105 114 117 122 122 121 118 114 112 115 116 117 121 127
71 125 134 79 89 149 133 131 110 123 109 115 117 123 103 116 101 58 148 122 102 88 76 76 83 112 94 74 132 157 129 106 121 129 139 158 116 74 47 39 47 104 128 139 139 139 135 125 147 134 114 122 111 113 126 144 120 52 40 172 220 242 221 171 55 55 54 70 97 99 86 86 95 96 95 88 94 104 104 106 111 113 110 114 117 122 123 125 122 118 116 118 120 124 126 134
77 111 155 120 109 169 136 102 94 131 110 126 145 122 112 106 64 57 126 149 125 101 79 76 74 86 84 71 83 97 157 121 115 145 153 153 120 63 43 29 60 106 122 137 145 143 123 134 129 121 105 130 127 122 146 148 118 52 40 166 219 233 234 176 58 44 45 59 63 98 96 81 94 97 95 83 88 105 109 104 106 123 113 113 117 123 122 126 125 124 123 123 127 133 131 146
79 80 121 131 108 124 109 90 82 99 89 125 140 100 107 99 72 73 76 124 159 132 100 77 76 84 86 77 67 71 146 155 92 147 155 162 138 63 39 38 88 108 120 131 137 132 115 105 119 106 111 117 140 141 138 132 116 59 58 144 215 229 226 193 69 47 51 52 52 82 99 74 91 93 99 88 88 96 98 95 95 108 118 110 118 125 119 120 131 130 130 130 131 127 126 156
76 77 91 89 83 62 68 84 77 72 66 116 134 97 84 72 69 73 59 68 144 156 153 94 64 66 67 63 57 73 105 163 98 144 145 153 125 65 41 64 95 105 115 125 129 122 110 51 91 46 88 104 131 136 121 118 113 57 57 108 204 228 215 191 75 50 54 54 58 81 103 79 90 90 105 100 90 95 95 91 97 105 121 112 116 118 112 112 130 130 122 137 132 120 123 153
74 77 80 65 65 56 68 86 70 61 59 89 121 97 62 56 58 64 59 54 92 122 146 157 78 63 59 60 52 64 73 175 117 139 116 122 131 74 69 82 101 102 109 122 122 114 116 78 70 62 84 98 120 128 118 112 111 67 54 70 174 234 231 214 104 44 47 47 55 77 98 91 87 90 105 111 95 95 95 94 101 113 127 114 114 111 104 108 120 117 111 131 132 123 125 139
72 81 79 64 71 70 69 70 66 66 66 79 95 85 66 62 57 68 73 64 62 72 95 180 95 65 60 60 55 61 68 182 122 86 86 107 123 84 92 102 112 96 102 117 116 116 108 81 68 79 106 105 111 118 112 110 112 91 57 60 148 236 246 207 133 42 46 46 55 63 83 95 86 90 105 115 105 98 100 100 104 116 137 120 119 112 106 110 114 111 113 121 125 126 130 132
56 65 68 61 76 74 58 54 72 78 76 60 70 93 80 64 53 62 65 61 61 65 81 159 89 64 62 60 64 61 74 190 105 63 73 107 96 99 114 118 114 100 96 111 103 101 89 69 61 88 105 112 102 115 103 107 113 108 83 73 126 231 239 241 160 50 45 46 55 59 78 97 90 92 97 123 119 104 102 105 109 116 136 134 128 108 100 107 110 113 115 120 114 113 131 125
50 54 55 54 59 59 53 53 62 64 68 52 56 72 64 52 50 53 53 54 62 79 83 107 83 72 68 65 70 73 91 171 147 71 89 113 100 104 124 124 116 91 90 98 84 78 62 55 49 75 104 102 102 109 102 107 117 125 121 89 138 220 235 236 188 48 47 49 56 64 79 99 98 99 97 118 125 112 105 111 116 119 125 130 126 97 85 89 103 123 127 123 115 113 130 133
48 50 52 53 54 64 64 59 57 56 61 55 52 55 53 53 48 47 44 50 63 85 91 72 67 68 67 65 76 88 153 170 171 92 98 100 100 113 128 122 110 83 83 80 74 60 56 67 74 69 80 87 99 102 102 112 123 128 140 95 138 222 234 236 178 67 54 57 60 66 77 103 101 99 98 100 108 118 111 112 121 122 107 105 106 96 87 94 105 127 131 120 117 117 129 135
48 45 49 58 54 68 70 69 59 59 72 75 61 55 65 67 53 45 42 46 61 93 126 90 61 61 61 62 67 68 168 176 160 102 88 98 107 104 126 126 112 98 86 81 68 60 55 48 37 48 60 80 104 96 101 113 117 132 150 112 134 227 227 217 166 68 56 60 62 69 84 98 104 94 95 97 101 114 117 122 123 111 102 99 98 98 97 99 102 123 129 122 118 122 127 133
49 46 47 57 54 60 57 58 56 59 65 68 61 61 84 87 72 60 51 57 71 78 125 111 60 61 60 61 62 62 154 128 122 106 95 106 93 82 117 117 115 91 81 82 63 80 102 102 98 65 49 71 92 101 103 111 123 132 154 130 133 220 230 200 150 71 59 61 64 67 74 77 96 92 90 95 102 112 118 123 111 105 103 97 99 105 109 103 101 128 136 133 128 127 131 139
54 48 47 55 53 54 53 53 53 56 58 59 58 71 89 108 102 97 78 62 72 58 100 104 60 60 59 58 58 60 116 78 79 80 98 97 83 76 120 118 101 83 73 72 86 106 102 87 92 91 71 59 78 104 100 121 127 128 139 160 161 206 228 212 163 71 63 63 67 73 73 73 92 96 92 91 99 114 116 112 99 104 104 98 99 102 106 105 105 129 138 138 134 133 134 140
52 50 49 54 53 49 45 48 53 54 51 54 62 79 88 96 90 86 83 69 65 63 83 85 73 71 60 59 67 63 72 73 64 66 113 108 71 80 130 124 108 88 71 76 109 111 106 101 100 84 83 71 72 100 107 117 128 136 150 150 162 210 230 223 180 80 67 66 69 76 76 78 94 105 108 94 99 108 111 110 94 91 99 101 99 101 104 108 118 129 134 142 141 143 143 126
52 54 49 51 48 48 44 46 52 53 50 66 92 99 84 79 72 72 89 89 73 79 74 63 90 96 89 92 99 80 72 69 64 68 118 114 69 94 127 129 104 87 62 83 115 118 116 102 106 84 93 89 74 102 108 116 131 148 152 154 166 206 222 215 137 78 71 69 71 72 74 81 90 89 93 94 112 103 109 122 123 121 141 144 156 171 173 173 161 147 141 153 145 136 136 124
53 61 45 53 55 54 47 45 53 53 53 78 95 110 94 90 88 95 106 104 80 74 70 59 74 94 106 110 106 85 77 68 63 67 114 115 75 102 128 128 102 92 57 79 114 118 114 105 100 87 96 96 71 103 118 113 136 146 160 147 171 229 235 218 170 82 79 76 75 74 75 82 82 77 78 87 173 189 205 205 209 209 208 204 203 210 207 201 202 199 198 194 176 157 147 129
56 62 54 62 68 66 56 51 53 53 53 70 78 86 84 82 84 88 89 98 100 89 73 71 65 79 84 83 80 81 91 68 63 72 135 126 89 108 134 121 109 81 44 72 106 118 121 112 103 92 101 93 63 81 111 115 138 149 160 149 177 231 240 225 175 112 95 89 84 78 78 80 78 76 81 84 83 105 150 188 210 214 214 203 211 215 208 207 212 214 211 215 216 220 219 210
83 68 61 65 67 66 64 58 53 51 51 65 66 69 79 92 125 128 134 103 90 89 83 90 70 78 77 81 89 103 98 78 66 72 146 131 88 98 111 115 95 60 45 61 94 124 126 117 101 86 91 81 52 69 106 117 138 154 167 136 173 221 238 230 210 205 183 127 97 82 82 85 84 81 89 88 70 57 56 66 90 132 189 212 214 214 216 217 218 223 223 215 213 211 214 222
104 97 67 67 67 66 63 58 50 45 46 62 66 79 111 131 162 155 159 130 109 129 122 140 138 140 152 156 153 154 152 99 71 81 147 138 116 95 99 103 82 55 62 68 89 133 123 119 108 78 69 62 40 64 99 118 134 149 156 125 181 231 214 225 220 218 218 206 187 151 117 100 95 95 93 84 71 60 58 57 47 46 58 107 143 186 203 173 157 161 146 127 117 91 105 95
105 110 74 69 68 66 60 57 47 41 43 113 159 176 174 174 189 184 168 182 175 192 178 196 198 197 187 182 178 182 165 174 84 66 112 145 121 94 86 94 73 53 69 68 97 138 121 112 102 87 48 36 30 53 84 115 132 146 162 143 172 232 215 213 212 210 205 203 200 196 189 134 95 102 98 80 64 58 55 50 41 43 53 61 49 60 72 68 65 63 63 64 64 66 67 66
103 113 94 66 60 58 56 56 43 40 45 163 187 182 193 186 172 178 186 189 192 183 187 200 196 202 204 185 194 195 158 157 158 73 70 103 127 104 77 90 74 53 79 75 103 133 123 107 106 88 41 29 33 42 74 107 133 148 147 141 182 217 227 189 162 121 107 92 96 94 88 84 92 97 98 77 49 52 50 48 43 40 51 52 47 55 65 63 59 60 62 62 64 66 66 66
90 95 111 76 62 56 52 49 42 41 59 166 182 176 185 177 153 166 177 186 190 174 186 182 191 187 199 177 185 190 182 175 172 140 75 123 139 67 49 67 67 64 96 81 120 128 119 115 105 92 44 31 35 38 52 97 138 152 153 148 192 205 212 216 140 75 67 56 74 82 76 84 104 104 104 86 64 67 60 50 44 47 55 52 45 50 58 56 56 58 60 59 59 65 66 66
66 71 102 86 63 55 55 53 57 55 81 156 177 175 163 177 173 186 174 179 172 170 172 173 186 172 196 185 189 187 180 169 156 165 120 132 141 89 55 53 51 65 94 94 130 127 116 106 101 91 47 25 32 34 58 81 124 151 144 158 196 192 139 139 104 68 60 61 72 76 71 85 104 106 106 86 57 60 63 63 53 68 58 56 51 51 52 48 52 55 55 53 52 59 64 65
84 69 88 82 63 59 67 67 70 58 71 148 186 174 158 165 158 170 173 167 159 124 106 126 140 121 123 116 111 100 97 92 96 85 120 126 173 100 45 36 42 69 89 107 126 125 117 110 106 92 60 35 32 38 42 81 103 130 166 157 204 195 143 99 80 66 59 55 68 73 68 82 93 97 99 88 66 57 45 49 57 77 57 57 49 51 46 46 51 52 51 49 49 51 59 62
140 63 73 76 63 56 59 59 57 47 60 88 103 122 88 97 90 89 91 68 75 76 82 84 88 83 78 85 89 92 94 98 109 103 125 189 154 87 37 43 46 66 95 105 126 123 119 114 94 99 70 38 24 32 43 76 67 99 128 164 210 198 166 91 72 65 55 56 65 72 58 73 87 91 90 79 64 61 45 45 44 59 58 53 46 49 44 45 48 46 46 46 46 49 54 60
179 63 63 65 54 52 57 56 56 46 57 75 75 80 82 90 91 91 93 93 94 92 93 92 90 89 89 93 95 93 97 100 113 170 202 171 100 72 56 51 55 51 81 116 125 120 112 106 97 89 75 38 24 28 43 59 59 72 82 140 183 219 170 87 76 72 58 59 66 68 54 71 79 84 82 78 59 58 49 50 50 48 58 61 50 50 43 44 44 43 45 46 46 48 51 59
182 85 80 76 55 50 57 60 60 55 61 78 91 92 91 95 95 91 95 96 95 93 91 92 90 90 89 92 92 92 97 162 208 176 132 100 83 74 66 58 56 54 73 113 125 120 106 94 96 73 79 36 29 28 47 54 63 68 64 83 147 225 209 99 76 73 62 60 68 61 57 69 74 78 77 70 51 57 47 43 40 42 42 47 40 42 42 44 42 40 44 46 46 46 49 58
189 92 68 71 61 63 68 63 65 72 73 85 94 96 94 95 96 93 95 94 94 95 92 93 90 90 90 91 92 93 163 180 139 105 96 93 85 77 72 63 57 57 76 106 118 108 98 85 82 77 69 42 33 40 47 47 61 65 65 73 128 212 232 228 164 81 64 65 64 53 52 65 70 74 73 67 54 66 51 43 36 42 45 33 33 39 44 44 42 39 46 46 46 48 51 55
201 83 52 62 70 70 70 59 59 63 61 82 90 97 95 95 94 90 92 94 95 94 95 95 93 93 92 92 91 125 138 114 103 97 93 89 86 79 76 65 61 57 62 80 94 81 84 89 73 68 58 40 37 43 43 47 63 65 67 72 81 123 188 219 218 200 84 66 62 52 53 67 67 67 66 63 48 57 51 48 33 33 42 36 42 45 44 43 40 40 47 45 43 46 50 51
182 103 78 58 60 59 61 62 64 67 67 85 93 97 95 93 93 90 91 93 95 93 91 94 96 95 94 92 103 129 108 102 98 96 92 87 89 83 78 66 63 56 54 55 58 60 67 67 61 63 52 39 44 42 39 53 62 64 69 73 79 91 142 179 204 218 212 104 64 53 56 65 66 64 65 51 39 50 66 50 36 39 46 39 45 48 40 40 39 40 45 41 40 45 49 46
147 106 106 60 62 65 70 79 85 88 94 86 90 95 95 91 92 93 94 96 95 93 90 91 95 98 96 95 133 108 105 98 96 95 90 86 88 85 81 67 66 56 53 47 47 45 52 52 57 54 47 43 42 43 45 54 58 65 72 77 81 89 106 138 178 201 186 215 101 60 50 65 68 66 67 52 38 47 52 43 38 34 45 39 47 45 37 38 37 39 44 39 40 47 47 44
105 75 103 72 70 74 78 80 85 97 103 86 88 94 95 92 93 95 97 96 93 89 90 88 90 94 97 159 118 106 100 94 94 94 88 85 88 83 83 68 69 56 57 49 43 39 41 43 49 47 43 41 42 46 49 56 60 68 72 79 81 86 90 102 140 178 183 207 209 72 52 72 79 69 71 61 41 53 44 41 48 44 44 43 46 43 34 34 34 37 40 39 42 48 44 43
101 70 106 103 70 67 69 77 89 97 99 86 89 97 95 93 94 95 98 96 90 90 88 85 89 91 99 121 110 103 97 94 93 92 87 85 87 84 85 70 70 59 58 51 47 40 34 34 34 34 35 41 47 49 53 58 65 71 72 79 82 86 87 91 100 144 158 192 221 177 63 72 80 71 73 64 44 58 47 45 56 53 48 45 45 41 34 34 34 34 38 37 41 47 43 41
108 103 117 110 65 64 69 88 94 90 93 86 90 98 94 92 93 95 97 94 90 89 86 84 87 91 102 109 108 102 97 94 93 91 86 86 88 85 85 72 71 63 58 52 48 42 39 34 34 34 38 44 48 51 55 59 67 70 70 80 83 85 88 89 90 107 122 142 182 216 164 75 70 73 75 70 50 53 47 46 55 51 44 45 35 33 31 29 30 31 37 34 37 42 39 39
102 105 110 105 67 74 87 70 80 92 86 84 92 96 92 90 91 92 93 89 88 87 84 79 85 90 97 106 106 97 94 95 92 90 85 87 89 86 83 75 72 67 61 55 49 44 40 35 34 35 43 47 48 52 57 60 66 69 73 81 83 86 89 89 89 92 100 108 147 186 223 108 70 72 75 70 57 47 47 46 48 43 37 34 31 28 24 22 27 29 33 36 34 36 37 39
74 71 75 91 80 93 96 61 76 104 81 87 89 95 91 91 89 88 88 87 84 84 83 79 84 89 100 105 102 94 93 95 93 89 87 88 89 87 81 77 72 69 63 60 55 48 42 39 36 42 48 51 52 54 58 61 66 69 75 82 84 86 89 89 90 91 94 97 106 136 185 177 70 72 79 61 48 47 47 47 47 38 37 26 25 22 21 21 24 24 30 34 31 32 35 39
63 61 65 81 84 97 88 68 77 88 70 82 85 92 90 94 88 84 84 86 81 82 80 77 83 89 98 103 96 94 95 96 93 88 88 89 90 88 80 80 72 71 60 65 62 56 51 47 47 51 53 53 54 57 59 61 66 70 76 82 84 88 89 89 90 90 92 94 96 98 149 210 109 78 84 60 50 56 48 52 52 39 40 29 27 22 21 21 21 21 29 34 32 32 37 39
59 60 61 74 77 80 77 78 73 68 66 79 82 90 89 92 87 87 84 84 82 81 79 82 84 89 95 98 92 95 96 96 92 89 88 88 90 88 79 83 71 71 61 66 64 63 60 57 56 59 57 58 57 59 59 64 68 72 77 83 85 87 89 89 90 90 91 91 91 92 106 187 208 103 88 60 45 48 44 51 49 46 43 37 29 23 21 21 21 21 27 34 34 35 38 39
59 59 61 71 76 70 71 80 70 66 68 80 79 90 87 90 88 86 82 80 82 79 76 77 80 89 92 95 92 93 95 96 93 89 89 88 89 86 78 85 74 71 63 68 65 63 61 60 60 59 60 59 59 59 63 67 71 75 77 83 85 87 88 88 88 90 90 90 88 88 93 137 213 173 92 63 55 50 45 50 50 45 43 43 33 24 21 21 21 21 27 31 33 34 36 38
57 56 59 70 76 72 70 74 71 68 68 78 78 88 86 87 87 84 80 76 79 77 73 72 75 93 91 94 92 92 94 95 92 90 89 88 88 86 78 84 75 72 65 70 69 64 62 61 61 60 64 60 60 62 66 70 72 76 78 84 86 86 88 87 87 89 90 90 85 85 87 95 159 203 98 65 57 52 53 54 54 45 35 41 29 24 21 21 21 21 27 29 32 35 37 36
53 50 50 64 76 72 64 71 72 67 64 78 76 83 83 84 86 85 75 73 74 73 69 71 79 94 91 93 92 92 94 95 92 91 88 87 86 87 80 81 77 74 67 71 71 69 66 66 66 65 65 61 63 66 70 71 73 76 79 84 86 86 88 87 87 88 88 87 83 83 85 84 94 176 123 65 52 57 45 55 58 38 28 33 28 23 21 21 21 21 28 23 28 34 34 34
53 46 46 65 78 77 70 73 70 59 58 77 74 82 81 81 84 80 74 71 71 70 68 70 81 94 90 93 92 93 95 94 92 89 89 87 84 86 81 80 78 76 69 69 72 72 71 70 70 69 67 64 66 69 72 72 73 76 79 82 86 86 89 87 86 87 86 87 83 81 82 82 77 135 158 60 43 60 52 51 46 34 28 26 22 22 21 21 21 21 23 21 23 30 34 34
52 47 47 68 86 85 92 94 94 85 72 82 72 81 78 80 81 76 74 73 70 69 68 67 83 92 90 93 92 95 97 93 91 89 88 86 84 86 81 79 80 77 71 67 71 74 75 73 72 71 68 67 70 71 75 74 74 77 79 82 87 86 87 87 87 86 87 86 83 79 80 78 71 109 205 93 49 56 60 54 44 28 22 25 21 21 21 21 15 12 21 21 21 26 34 34
55 53 52 65 76 80 108 116 121 120 105 92 66 78 74 76 75 74 75 76 71 69 66 66 89 90 89 91 95 100 97 94 92 90 88 87 86 87 80 76 81 77 73 66 73 77 79 76 75 72 70 69 71 72 76 75 76 78 81 82 86 85 87 86 86 84 84 86 85 79 78 72 68 89 195 94 75 58 54 52 44 28 22 25 21 21 21 21 2 3 21 21 21 27 34 34
59 55 53 61 70 72 86 100 108 115 109 95 66 75 71 72 72 71 72 75 72 69 65 68 94 91 89 95 99 99 96 95 93 91 88 88 87 86 79 73 82 78 75 66 74 78 80 78 77 73 73 75 74 77 78 78 77 79 82 83 85 85 86 86 85 82 83 86 83 78 77 69 68 81 205 101 89 85 75 64 47 23 21 24 21 21 21 20 0 0 19 21 21 25 34 34
52 54 54 70 87 83 66 83 89 87 82 84 61 75 71 71 74 71 72 77 77 70 68 71 97 91 87 97 98 97 96 97 93 91 88 88 86 86 81 72 84 79 76 69 74 78 80 79 78 73 76 78 77 80 80 80 79 79 82 84 84 84 84 86 84 82 83 83 80 77 77 71 73 79 179 129 88 82 84 68 51 27 22 22 21 21 21 17 0 4 19 21 21 24 30 31
52 53 60 93 105 97 62 66 66 61 58 69 67 77 73 73 75 72 73 79 78 74 72 79 95 91 88 97 92 94 94 97 94 91 90 87 85 85 83 74 83 79 79 74 73 79 80 82 76 74 78 79 79 80 81 82 81 81 82 83 83 85 84 84 84 81 81 81 77 76 75 73 74 76 147 162 78 75 73 68 59 43 27 20 18 18 21 16 0 3 19 15 21 21 22 25
51 52 60 90 94 101 85 67 62 62 58 73 70 76 76 75 78 75 74 76 76 74 73 85 94 88 89 93 88 91 94 97 94 92 90 87 86 84 82 77 79 79 82 79 71 79 82 83 75 76 80 81 80 81 80 81 81 83 83 83 83 82 83 83 82 81 81 79 76 75 74 73 75 75 114 187 66 67 61 54 45 47 45 30 21 9 16 3 0 1 3 7 24 25 29 33
53 57 56 63 77 109 107 80 71 70 60 75 66 75 79 78 79 76 76 75 75 74 76 89 93 83 89 86 87 91 92 91 92 91 89 86 84 84 82 79 76 80 81 82 71 79 83 78 74 76 78 79 80 80 81 81 83 84 86 85 85 82 81 82 81 81 79 77 74 74 74 72 75 76 93 201 68 62 53 47 39 40 47 48 33 3 3 2 1 10 20 23 33 31 34 41
72 76 69 56 74 96 100 79 74 75 70 82 64 76 80 81 76 75 76 74 76 76 76 93 91 79 87 82 92 95 94 92 91 90 88 85 83 83 82 81 74 80 80 84 70 82 84 75 73 77 78 78 81 81 81 80 83 84 88 86 85 85 82 80 78 79 79 75 72 72 72 72 75 75 81 193 93 59 54 45 35 28 24 24 20 11 21 21 21 21 21 21 28 29 35 44
84 84 79 61 68 75 77 67 64 66 71 81 64 74 79 81 72 71 76 75 76 78 76 94 90 75 84 82 97 98 96 93 92 91 88 84 83 83 81 79 73 80 82 83 66 83 82 73 73 77 77 81 83 82 83 83 85 83 86 89 86 86 81 79 76 75 76 75 70 71 69 73 75 73 75 162 118 55 51 38 29 6 0 0 2 17 21 21 20 21 25 24 26 28 34 45
88 84 84 86 91 91 95 84 58 61 72 86 69 75 77 79 71 69 77 76 75 79 79 94 88 73 82 86 99 99 97 93 92 90 88 85 84 83 81 79 73 81 84 82 72 83 77 73 75 78 77 79 84 83 83 84 85 84 86 89 86 85 82 79 74 71 72 73 69 68 70 73 73 74 74 140 140 32 28 22 9 0 0 0 0 18 21 20 4 21 25 27 27 29 42 43
89 87 87 101 109 118 129 137 143 157 160 100 70 73 74 79 72 68 77 77 76 79 84 92 87 72 76 87 99 99 98 93 92 90 88 86 85 83 82 79 74 84 83 82 76 82 72 73 77 77 77 80 83 82 82 84 84 82 85 88 85 84 82 79 74 70 71 71 69 67 69 74 74 74 73 120 165 29 25 21 1 0 0 0 0 19 21 21 7 21 21 25 31 27 42 43
137 147 159 180 191 199 204 206 203 184 130 82 70 71 74 80 75 68 76 79 80 78 88 90 86 68 71 89 100 98 99 94 92 89 88 86 83 84 82 77 73 82 82 81 78 78 71 75 77 77 77 79 82 81 81 82 83 82 84 85 84 83 80 78 72 68 70 71 68 65 68 75 74 74 72 90 179 27 20 10 1 2 0 0 0 12 21 21 21 22 21 22 30 28 32 42
200 199 202 205 206 206 206 190 145 111 103 90 70 73 75 77 76 72 75 80 79 82 92 90 83 67 68 92 102 99 96 93 93 88 87 84 82 81 80 78 74 79 82 80 82 74 70 76 75 76 78 78 82 83 83 83 81 79 82 82 83 83 80 78 73 69 68 69 67 64 66 73 72 72 72 80 181 27 21 15 9 2 0 0 0 7 21 20 20 21 21 24 28 32 33 41
201 201 203 204 203 193 153 116 103 100 102 95 63 76 75 76 76 75 74 78 78 81 93 89 82 67 71 103 102 98 93 91 91 88 86 83 81 81 80 78 75 77 80 79 80 71 71 75 73 74 76 78 82 83 83 83 81 80 80 82 84 84 82 78 72 68 67 69 66 61 64 71 71 72 72 75 170 38 24 21 17 8 0 0 0 9 21 14 15 21 26 28 27 30 34 49
204 203 199 187 151 117 110 106 101 97 102 95 61 77 74 74 74 76 75 76 77 83 92 88 81 68 83 100 99 96 92 90 89 87 84 84 81 80 79 76 75 75 77 76 73 71 73 75 72 73 75 78 81 82 83 83 82 81 81 81 84 85 83 79 74 66 64 66 65 59 63 70 71 71 72 74 149 78 28 21 17 1 0 5 4 18 23 20 21 22 28 29 30 29 35 51
205 195 165 129 108 110 111 105 103 102 104 93 59 75 73 75 75 76 76 77 79 87 92 87 80 68 73 87 93 93 92 89 88 86 85 83 81 78 78 77 75 71 75 70 69 71 73 74 72 72 74 76 80 82 81 83 82 81 82 82 84 87 86 79 75 64 61 64 67 56 63 69 71 71 74 75 134 110 27 21 9 6 6 15 8 23 13 16 21 22 28 36 32 28 31 42
165 132 118 121 121 117 113 111 109 106 106 96 54 75 74 74 74 74 75 76 81 93 90 85 78 68 60 82 92 92 89 88 88 86 85 83 80 78 76 76 73 69 73 69 70 71 73 73 72 71 74 76 80 81 83 83 82 81 81 83 85 87 89 83 75 65 56 60 65 54 62 69 71 72 74 75 124 136 25 28 18 9 6 5 0 14 20 21 21 22 22 35 18 26 31 33
123 117 120 122 121 116 115 115 111 105 105 92 52 73 73 74 72 73 75 77 81 89 85 81 76 67 56 91 92 91 88 87 86 84 84 82 80 78 74 75 73 67 70 69 70 71 72 72 71 70 73 76 79 80 82 83 82 82 81 82 83 85 88 89 80 67 53 57 63 53 62 66 71 71 71 70 90 163 36 35 21 8 0 0 0 7 21 21 21 14 14 27 18 25 31 37
118 117 117 117 119 118 118 116 113 106 105 84 53 72 74 72 72 73 70 71 78 85 81 79 74 66 56 95 92 89 86 86 84 84 83 81 80 78 74 75 73 68 67 69 71 73 72 69 70 71 73 75 77 80 82 81 82 81 82 81 80 81 84 90 88 70 52 57 63 52 61 65 69 70 70 69 71 144 43 26 21 7 5 0 0 7 19 10 18 18 19 24 25 27 31 38
115 116 114 117 119 120 119 119 114 110 108 87 52 72 71 71 66 61 60 63 73 85 80 77 74 67 56 97 92 87 85 85 84 84 82 82 81 78 74 73 72 69 65 68 71 71 69 68 69 70 70 74 77 78 79 79 80 80 81 82 79 78 78 85 89 79 51 54 61 53 61 64 69 70 70 70 70 112 62 26 21 17 21 1 0 18 8 4 3 21 21 23 28 28 31 38
113 115 115 117 123 124 122 120 115 110 106 86 52 59 61 64 61 68 70 70 81 88 83 78 72 66 57 97 89 87 85 84 85 84 83 82 80 77 76 74 71 69 63 65 70 68 67 67 67 70 70 72 76 78 78 79 80 80 78 79 78 74 71 74 79 85 52 51 56 53 60 65 69 68 69 70 72 122 87 25 21 20 5 6 9 21 4 14 21 21 23 30 30 28 29 35
116 120 122 125 128 125 119 110 99 88 76 63 76 83 81 80 68 57 59 62 85 87 83 76 69 65 60 97 88 86 84 85 85 83 83 80 80 78 76 75 72 70 62 64 68 66 66 66 68 68 69 71 75 77 77 78 80 79 78 77 76 71 64 65 67 78 60 48 54 53 60 64 67 67 69 70 71 127 117 23 21 21 10 21 21 21 18 21 21 21 29 28 29 28 28 34
123 119 111 100 88 75 59 52 54 54 52 44 70 75 73 79 71 64 59 61 83 79 77 71 67 64 63 99 88 86 85 85 84 83 84 80 79 78 76 74 72 74 69 67 66 65 65 66 67 68 68 71 73 75 76 76 75 75 76 75 75 71 63 58 56 63 63 48 51 52 59 61 65 66 69 69 70 105 156 22 21 22 22 21 17 23 21 21 24 23 27 23 28 31 32 35
