0 0 0 0 0 0 0 0 0 0 0 0 0 0 0 0 0 0 0 0 0 0 0 0 0 0 0 0 0 0 0 0 0 0 0 0 0 0 0 0 0 0 0 0 0 0 0 0 0 0 0 0 0 0 0 0 0 0 0 0 0 0 0 0 0 0 0 0 0 0 0 0 0 0 0 0 0 0 0 0 0 0 0 0 0 0 0 0 0 0 0 0 0 0 0 0
0 93 22 2 15 32 21 11 20 15 5 11 33 28 76 118 121 177 245 220 77 99 52 14 38 69 112 162 176 157 89 42 130 255 255 191 46 53 65 22 4 8 25 19 42 26 38 50 46 33 29 20 8 17 38 30 17 8 12 36 16 21 16 12 42 15 49 22 28 20 16 45 72 30 22 37 30 26 29 16 16 13 16 6 15 16 9 11 10 7 10 15 18 20 9 0
0 131 69 25 16 17 38 58 71 67 49 57 57 52 24 107 122 127 230 255 136 85 30 6 14 31 55 83 86 90 151 174 251 255 255 47 14 43 61 28 2 5 12 27 40 16 17 36 33 27 34 35 28 2 26 24 18 5 7 31 21 18 8 12 29 13 35 11 30 21 19 36 61 42 39 32 14 18 34 13 10 14 20 7 13 17 9 5 3 8 14 15 17 20 10 0
0 113 87 36 18 21 49 43 38 52 56 51 17 50 16 77 120 100 176 255 189 83 22 6 5 4 1 3 24 165 255 255 255 255 134 28 26 51 55 24 5 9 12 10 14 25 24 41 18 10 22 15 54 49 10 20 25 18 7 21 17 7 8 11 20 16 21 3 24 19 5 25 49 48 48 21 1 10 32 22 9 19 18 3 13 16 5 10 9 8 14 16 19 21 11 0
0 95 94 56 17 14 40 26 33 24 16 10 26 50 18 35 103 91 79 176 232 198 123 51 11 12 15 23 121 255 255 255 255 186 54 25 24 40 31 19 9 14 17 13 19 34 21 39 15 18 30 72 56 99 27 4 14 23 10 8 14 13 7 7 11 14 11 4 19 24 11 21 41 45 48 24 7 12 18 15 13 23 18 6 16 14 2 4 13 15 15 18 20 15 5 0
0 81 95 82 30 15 25 13 31 37 30 28 28 30 7 14 84 102 35 56 140 215 245 176 61 15 13 101 255 255 255 119 68 36 15 17 10 26 15 27 24 12 17 1 13 32 53 55 34 24 7 97 35 85 42 21 10 16 15 7 22 35 33 29 26 25 17 7 17 34 28 27 34 39 45 24 8 19 13 5 9 21 19 14 22 15 10 7 13 18 15 22 19 7 1 0
0 56 82 113 72 41 32 24 23 8 5 2 8 21 15 7 63 109 49 22 48 97 209 255 205 93 59 230 255 255 151 25 13 36 48 36 17 32 9 22 44 23 46 67 93 120 123 88 68 72 69 50 46 51 26 17 16 35 46 38 37 49 38 40 45 49 48 30 23 42 42 38 37 34 39 23 8 23 12 4 10 18 19 19 27 17 15 17 18 17 11 24 20 4 0 0
0 34 43 113 106 51 33 33 37 16 14 20 29 34 32 15 36 101 70 29 24 32 79 219 255 255 255 255 255 217 43 17 59 69 66 65 59 49 33 47 80 89 119 120 120 137 159 178 185 174 165 134 69 20 14 18 9 56 59 49 26 32 13 2 20 21 41 41 34 48 47 37 41 38 35 21 8 21 14 10 14 14 17 18 29 19 6 14 19 12 8 23 18 5 1 0
0 29 31 65 100 36 16 24 37 38 23 20 21 29 39 31 9 78 73 22 11 38 34 78 192 255 255 255 255 87 30 68 85 48 27 36 85 63 57 73 64 81 112 96 144 255 255 255 255 255 255 255 255 130 68 49 5 71 51 43 21 11 20 19 26 13 18 28 38 52 46 46 48 43 40 40 39 31 18 14 15 15 18 16 26 22 8 14 17 11 11 20 12 7 4 0
0 27 22 73 85 30 16 7 17 34 34 27 31 34 46 43 10 60 71 32 64 94 73 64 113 202 225 142 50 25 71 82 58 24 13 23 62 74 77 62 18 37 98 181 255 255 255 255 255 255 255 255 255 255 255 144 9 72 57 31 32 11 15 17 29 19 8 5 33 49 47 52 44 29 31 48 52 54 42 25 27 26 25 23 27 20 14 18 12 12 14 17 8 4 1 0
0 26 82 133 106 58 24 4 10 14 30 43 52 40 54 49 15 37 61 105 157 155 147 146 152 139 65 16 41 55 55 38 15 18 15 35 22 27 25 15 24 52 206 255 255 2 255 255 255 255 191 255 255 255 255 255 184 50 49 29 44 18 25 29 27 15 11 12 45 44 38 31 19 4 21 38 13 10 21 19 25 17 18 18 17 11 15 17 4 5 10 12 7 7 9 0
0 59 136 117 79 72 59 30 21 24 28 47 37 25 52 50 16 13 81 136 134 99 103 116 96 56 7 38 38 25 22 23 14 12 25 56 35 26 25 34 55 189 255 255 180 255 255 255 255 255 255 255 168 126 255 255 255 210 7 39 29 8 16 39 31 18 7 12 51 45 33 11 11 10 19 34 30 27 20 7 14 10 14 8 9 8 15 17 4 2 10 9 10 15 19 0
0 101 115 94 25 41 61 41 51 68 50 44 27 34 46 46 19 51 93 75 39 20 22 24 17 14 25 52 10 8 18 21 21 25 41 67 27 25 7 11 165 255 255 99 255 255 255 196 255 255 255 255 255 255 93 255 255 255 124 26 8 10 12 37 27 26 15 15 44 51 39 5 3 14 11 19 21 23 18 19 11 12 12 4 9 9 12 13 7 6 14 10 16 20 14 0
0 83 68 76 22 19 52 30 65 117 103 33 33 40 48 52 36 83 87 38 23 31 39 17 7 20 25 62 28 15 13 11 16 23 38 51 2 26 12 98 255 255 33 255 255 246 72 179 184 255 255 255 255 255 255 255 255 255 255 15 15 5 18 50 31 24 18 18 43 59 33 15 9 24 12 8 5 15 31 18 8 10 10 8 12 10 8 9 6 12 14 9 16 16 5 0
0 84 48 41 29 8 43 29 43 113 143 45 17 28 45 54 57 98 72 37 41 47 60 35 19 16 17 47 35 12 11 5 8 10 35 37 3 25 81 255 255 125 255 255 255 83 255 255 255 224 125 116 98 255 255 60 255 255 255 66 18 8 31 55 22 15 26 18 48 59 5 33 21 38 23 21 21 36 37 12 5 7 6 12 14 9 7 8 13 14 11 10 16 14 10 0
0 255 22 13 28 19 36 16 32 85 138 61 23 7 33 42 70 102 60 33 28 28 61 44 27 19 11 24 42 37 9 19 5 6 41 32 8 33 210 255 194 236 255 255 73 255 255 255 255 255 255 255 255 255 255 255 185 255 255 255 89 10 48 52 13 17 34 22 48 47 21 29 37 48 29 29 33 36 21 7 4 7 7 17 14 8 11 12 15 13 10 11 15 15 13 0
0 255 197 71 63 61 31 38 8 75 110 43 41 11 32 35 72 92 55 36 19 26 55 41 38 35 13 5 51 57 11 26 14 5 44 20 16 97 255 255 128 255 255 189 149 255 255 162 147 170 151 202 204 89 255 255 119 255 255 255 205 8 54 44 10 18 35 22 39 35 17 33 44 41 26 17 19 22 8 8 7 7 7 17 12 10 15 15 18 15 10 11 15 15 11 0
0 255 255 195 177 166 75 67 27 71 99 51 47 12 33 39 59 71 68 52 32 34 45 34 51 57 39 28 64 64 24 37 27 24 43 7 32 234 255 67 255 255 223 46 255 255 201 65 16 19 14 41 104 104 212 255 255 85 255 255 255 33 45 39 8 23 39 27 22 28 6 18 28 19 29 22 5 13 7 7 11 7 8 13 13 17 17 15 20 16 10 8 15 14 10 0
0 255 255 56 118 212 255 255 176 24 125 117 66 29 36 52 30 39 70 67 41 39 38 29 37 53 60 63 65 56 22 29 15 38 40 2 92 255 230 205 255 238 134 140 255 255 108 25 26 41 43 27 47 91 69 255 255 97 195 255 255 143 35 44 30 33 42 29 7 21 24 20 25 21 32 27 8 10 9 2 11 7 11 14 17 21 14 14 18 5 6 7 15 14 12 0
0 255 199 43 53 126 255 255 255 159 128 208 86 87 59 86 14 5 52 69 41 48 42 28 27 29 34 45 39 39 5 25 14 45 39 12 207 255 57 255 249 154 13 255 255 180 65 10 24 17 31 37 54 90 156 255 255 181 33 255 255 255 42 49 33 32 51 42 31 13 14 30 34 41 45 25 14 7 12 3 9 5 13 18 21 19 14 20 17 5 5 12 15 13 14 0
0 247 138 194 120 124 129 103 255 255 54 255 54 121 143 174 67 1 43 52 50 63 48 16 24 25 9 12 13 16 26 21 12 49 28 37 255 227 185 253 179 49 140 255 255 96 40 10 28 18 11 17 27 67 163 216 255 255 143 255 255 255 70 52 31 42 73 55 53 47 31 2 19 49 50 17 18 7 16 11 2 11 25 29 19 15 11 22 11 14 5 19 18 18 18 0
0 89 171 198 255 147 151 161 242 255 65 248 223 59 116 202 190 69 47 40 38 63 54 9 15 30 14 7 5 18 21 17 28 60 28 110 255 107 211 224 142 39 189 255 235 100 31 21 34 40 43 49 43 63 145 29 255 255 255 131 255 255 125 41 30 51 84 28 20 38 44 16 36 45 32 18 32 22 15 15 16 4 31 37 17 8 5 19 9 10 15 21 20 19 18 0
0 78 151 106 255 26 207 170 255 255 68 155 255 116 99 32 226 134 60 55 53 74 53 17 11 23 16 7 11 27 34 69 69 96 47 189 231 24 188 223 102 106 163 177 255 255 145 36 12 24 44 62 54 44 91 174 181 255 255 15 255 255 216 38 23 46 74 5 33 31 28 22 38 36 19 11 33 28 1 10 21 14 32 34 19 7 3 13 12 7 14 17 18 17 14 0
0 105 133 127 255 233 156 149 255 225 34 204 201 169 236 212 190 181 24 40 91 127 63 19 14 22 12 17 25 39 68 92 86 120 84 255 216 177 180 201 65 153 124 45 76 255 255 145 72 69 65 48 73 121 120 167 40 255 255 123 255 255 255 32 9 26 68 32 30 8 32 30 32 30 19 20 27 18 4 5 20 34 40 35 24 10 6 11 15 13 11 14 15 13 13 0
0 187 142 255 255 224 171 192 255 45 176 255 56 255 178 255 96 232 59 85 77 192 116 23 18 23 4 27 27 41 66 85 67 114 141 255 119 255 199 176 21 182 181 200 209 81 213 184 76 79 117 199 255 255 255 140 55 255 255 176 255 255 255 4 23 35 66 44 44 44 31 35 25 29 20 14 11 13 14 13 15 31 28 25 17 10 12 15 12 11 11 13 13 13 13 0
0 255 253 255 210 106 205 255 255 112 212 154 147 246 96 255 190 170 255 85 159 215 177 40 32 24 11 28 27 42 53 72 33 65 147 255 21 255 228 166 27 232 222 116 94 126 112 150 67 73 157 255 255 151 93 92 76 255 255 241 255 255 255 12 26 10 48 32 57 101 48 47 25 31 20 12 8 13 22 8 2 25 18 17 9 8 12 11 8 13 11 13 14 16 18 0
0 158 255 255 193 39 170 255 255 28 194 127 255 165 55 173 255 182 255 112 169 209 191 87 48 36 37 48 64 49 36 58 15 36 143 152 64 255 239 153 91 255 180 28 110 87 72 113 32 85 186 191 24 152 154 117 114 204 255 255 118 255 255 28 33 24 22 31 13 102 83 41 28 32 18 11 9 15 26 11 11 20 24 18 6 2 10 12 16 18 14 14 17 23 26 0
0 78 110 255 255 248 255 247 255 94 162 193 205 43 31 135 255 255 238 127 121 122 160 214 122 25 37 54 100 62 29 55 13 123 193 102 101 255 241 136 155 255 92 101 186 192 202 160 22 126 189 87 76 101 53 83 205 120 255 255 67 255 255 53 20 31 53 66 86 76 78 4 24 33 19 13 13 22 27 17 23 20 24 13 8 5 12 20 18 13 13 15 22 33 26 0
0 75 30 127 218 255 238 219 255 73 37 74 73 29 71 255 255 157 215 193 95 42 93 241 255 157 74 27 101 69 36 52 26 171 196 48 136 252 255 116 211 255 58 121 171 33 185 207 59 197 219 113 158 196 151 86 237 211 255 255 234 255 255 255 38 18 36 89 96 44 56 27 15 34 20 16 18 22 21 15 20 15 24 24 37 48 46 31 17 10 12 15 20 32 21 0
0 42 52 39 82 255 255 255 255 36 31 53 59 37 65 255 255 122 255 145 32 88 87 48 208 255 225 178 136 68 41 32 53 193 177 67 145 246 255 83 248 255 89 144 221 236 229 225 86 226 251 109 31 146 201 123 236 255 255 255 255 232 255 255 175 47 96 135 30 75 67 31 11 28 7 7 17 17 17 12 14 7 33 49 68 79 73 54 30 17 17 19 18 28 24 0
0 157 133 49 122 255 255 234 255 81 59 72 83 71 89 255 255 189 225 108 14 73 146 157 41 158 185 227 255 242 127 67 130 226 147 79 196 255 255 58 20 168 216 127 207 255 147 198 241 127 122 126 161 178 156 217 216 243 32 174 86 61 96 153 193 71 99 126 186 255 224 121 164 179 94 67 255 255 198 36 255 255 113 64 99 108 86 82 21 153 163 185 205 213 232 118 255 255 255 255 255 54 255 255 255 62 19 208 72 81 31 14 27 17 15 5 40 29 29 34 46 55 56 51 38 24 10 30 42 37 25 27 28 37 52 0
0 224 195 246 255 225 73 198 76 76 104 145 184 180 105 40 255 255 213 166 179 127 61 52 173 131 151 193 255 98 143 125 122 127 80 94 255 255 151 16 255 255 129 46 62 59 22 56 56 138 50 84 137 149 170 79 255 255 255 255 255 36 254 255 255 57 55 165 138 7 43 18 43 9 33 24 65 46 24 18 41 53 36 30 34 22 10 17 37 42 40 41 51 57 69 0
0 255 29 186 173 113 218 189 134 103 54 131 41 114 51 145 191 188 255 36 201 244 149 33 75 81 85 69 249 255 81 169 63 158 80 115 255 255 131 88 255 240 121 78 23 78 89 92 105 124 42 71 81 109 84 85 255 255 255 255 255 49 221 255 255 45 59 116 185 121 55 15 65 11 41 26 70 68 31 44 75 40 18 15 43 17 10 17 25 48 52 50 43 19 69 0
0 221 228 171 190 255 255 149 116 180 181 218 92 173 122 161 100 67 255 255 57 255 255 173 22 74 69 76 87 255 255 157 13 212 49 87 255 255 91 197 255 148 100 85 65 110 186 217 234 209 161 139 72 8 66 120 255 250 255 255 255 65 168 255 255 79 34 24 130 174 35 31 67 32 33 63 34 56 51 49 76 85 3 5 46 21 41 55 36 20 18 35 17 32 106 0
0 93 163 220 230 221 159 61 77 120 195 255 94 204 164 160 81 51 117 255 255 43 216 255 156 67 93 88 56 220 255 25 102 158 127 132 255 255 116 229 183 80 90 72 58 82 209 129 170 164 200 173 138 70 95 79 241 227 203 255 255 93 134 255 255 119 22 20 114 180 10 53 40 56 48 77 40 20 12 7 62 100 31 26 30 49 59 81 72 61 57 44 45 31 113 0
0 34 53 87 56 12 82 39 78 40 120 248 127 213 142 59 45 11 34 159 255 255 162 255 255 73 22 32 26 120 255 137 187 151 222 160 209 254 162 199 97 29 91 68 44 47 179 155 42 87 170 120 119 66 72 34 171 234 29 255 255 223 136 255 255 224 34 39 108 169 71 32 8 70 78 57 72 26 22 34 76 117 52 60 11 39 24 63 64 68 69 80 36 21 71 0
0 62 64 24 39 41 35 72 14 53 42 146 145 114 122 56 18 45 25 13 142 252 255 78 255 117 18 21 22 57 255 183 255 232 189 155 118 121 163 148 60 30 82 72 65 80 157 163 1 148 138 53 68 59 62 23 91 227 138 255 255 255 78 255 255 255 7 36 79 134 127 8 21 63 102 41 97 55 34 42 68 121 49 84 63 64 14 44 30 15 41 56 57 37 41 0
0 106 88 57 58 66 75 63 61 15 43 91 149 67 104 82 39 71 65 41 41 94 255 170 255 104 34 33 48 82 255 173 255 158 151 94 52 56 130 80 79 74 69 84 127 164 198 159 88 183 101 17 39 37 41 36 41 176 235 224 255 255 11 255 255 255 11 38 58 97 143 48 39 38 106 74 83 79 35 48 59 96 52 36 93 118 78 87 56 42 48 8 36 64 51 0
0 59 55 56 70 41 37 25 63 76 71 58 107 123 125 80 36 57 68 52 89 103 144 186 211 57 28 30 68 194 255 192 255 255 153 49 19 104 82 38 124 109 77 104 147 162 130 43 61 167 134 78 54 30 10 63 69 107 209 135 255 255 60 229 255 255 47 49 59 87 145 77 36 26 71 104 33 59 39 52 52 31 84 109 132 141 54 77 107 88 46 43 31 59 70 0
0 29 25 13 37 42 60 48 7 28 26 68 16 31 12 49 35 28 38 71 142 158 83 113 101 53 30 30 61 255 255 130 255 255 55 41 23 99 60 58 139 106 24 68 105 92 44 33 62 142 166 117 61 25 36 73 70 83 150 71 255 255 44 230 255 255 55 45 50 81 138 87 13 17 38 86 81 8 37 55 24 51 91 113 100 81 36 66 124 103 15 51 21 51 67 0
0 12 41 19 34 47 19 31 22 40 46 52 59 61 112 129 122 73 34 82 150 213 100 242 113 28 25 37 68 255 255 135 255 245 14 38 39 120 105 50 121 114 46 63 64 75 147 141 86 15 120 165 83 11 54 73 75 116 100 96 255 255 52 255 255 255 40 28 35 71 109 104 43 38 29 41 72 52 28 24 39 80 59 29 13 34 62 41 106 115 24 60 45 46 55 0
0 14 42 26 24 50 64 56 31 44 59 52 22 96 145 156 209 204 145 95 85 218 131 235 173 5 9 21 31 255 255 255 255 157 13 16 99 134 142 49 123 133 67 43 73 176 179 183 204 179 45 148 137 42 55 86 72 107 23 117 255 255 50 255 255 255 41 26 35 48 65 110 67 23 10 40 74 65 30 51 85 48 34 17 19 31 28 26 99 132 43 64 61 47 52 0
0 23 29 23 16 35 45 35 24 31 49 41 42 118 122 43 92 127 136 50 16 149 192 174 152 36 17 7 12 225 245 255 212 134 76 74 103 157 165 65 132 129 51 51 154 131 46 30 50 130 112 48 154 91 62 97 57 77 77 73 251 255 13 255 255 255 50 27 43 38 18 78 88 42 51 21 77 64 32 76 80 49 20 14 16 31 14 22 102 118 36 30 53 57 28 0
0 20 13 17 24 32 31 33 25 15 20 75 140 113 52 93 120 72 57 87 56 67 103 89 67 134 133 140 136 55 81 98 52 172 153 153 97 214 170 91 150 144 39 147 160 67 77 66 60 71 85 85 117 126 65 92 80 95 77 60 218 255 41 251 255 255 53 25 35 23 15 72 85 34 22 21 62 41 25 52 88 100 141 186 231 255 255 255 202 105 56 46 44 19 40 0
0 25 10 12 12 27 15 30 28 6 57 160 172 101 56 29 19 59 93 132 94 26 48 69 87 94 166 188 157 117 39 38 11 208 182 180 89 232 141 94 156 166 39 201 145 27 61 43 71 50 54 96 67 150 58 85 118 95 38 52 248 249 31 255 255 255 52 38 24 13 28 57 61 99 95 127 255 255 255 255 255 255 255 255 255 255 255 255 255 255 250 203 152 80 73 0
0 32 34 57 69 75 58 28 25 4 80 151 118 40 64 30 43 72 51 72 107 65 65 18 125 104 48 42 78 74 69 65 1 229 202 183 91 216 101 100 154 198 65 234 161 16 52 60 74 31 36 107 41 182 69 86 132 92 14 53 255 255 73 255 255 255 111 79 53 29 29 31 38 50 57 219 243 128 201 255 255 255 255 246 219 179 149 155 204 255 255 255 255 255 255 0
0 68 52 68 49 63 75 44 12 6 75 121 131 128 69 47 121 136 88 60 70 88 87 75 39 100 106 104 45 40 97 111 21 255 231 204 90 166 85 104 180 239 79 239 200 62 52 83 89 18 26 150 91 220 137 104 138 100 20 52 255 255 17 232 255 255 255 254 123 52 29 17 20 22 42 120 255 255 255 255 255 255 119 16 46 28 43 57 74 89 95 106 152 213 255 0
0 155 75 34 5 22 44 42 25 27 68 82 56 77 134 248 255 255 247 191 97 140 207 255 255 255 255 255 255 255 254 217 61 255 233 203 137 81 115 122 220 194 8 187 238 113 42 85 123 82 111 186 99 225 187 126 139 102 68 72 255 227 52 116 255 255 255 255 255 255 176 97 74 67 44 58 94 195 255 255 255 255 255 255 255 144 74 133 197 226 255 255 255 255 255 0
0 174 126 22 7 19 34 51 54 36 122 249 255 255 255 255 255 210 217 255 255 255 255 255 255 255 255 255 255 255 255 255 195 255 255 114 186 46 81 109 205 94 63 137 255 126 61 75 138 147 156 193 105 238 226 153 131 106 69 66 255 174 56 58 42 50 165 255 255 255 255 255 102 62 48 97 102 49 17 82 206 255 255 255 255 255 255 255 255 255 255 255 255 255 255 0
0 122 173 49 27 38 36 55 64 20 255 255 255 255 255 210 104 88 137 229 255 255 246 251 238 234 197 153 152 143 155 255 255 44 255 142 144 137 48 72 169 23 75 116 255 102 92 74 110 212 193 124 84 221 255 195 134 96 37 83 255 164 75 133 255 255 255 255 255 254 226 215 59 11 75 142 110 54 40 54 40 48 132 225 255 255 255 255 255 255 255 255 197 142 132 0
0 29 167 130 41 42 39 56 58 20 255 255 148 45 25 61 88 70 40 45 21 17 48 50 39 19 59 43 37 96 107 140 255 255 123 197 105 236 131 97 121 55 108 125 238 63 91 67 87 245 230 43 50 163 255 255 168 73 22 120 255 157 70 216 255 255 255 255 255 255 255 212 33 24 82 172 92 25 38 44 27 41 47 29 27 81 58 51 36 23 17 18 22 16 3 0
0 132 70 178 82 32 19 31 50 100 255 255 67 54 76 88 21 63 51 60 74 62 78 85 77 85 51 46 42 51 98 62 186 255 224 239 159 255 108 122 77 107 104 134 196 8 75 61 80 241 247 41 38 106 239 255 224 64 16 171 224 127 255 255 255 255 192 133 119 77 51 93 81 38 83 181 94 37 60 72 63 80 47 36 10 48 48 50 34 27 28 37 45 39 14 0
0 126 70 152 105 31 51 79 91 99 255 255 74 59 68 47 12 41 23 73 149 218 255 252 224 255 255 255 255 255 255 255 255 202 56 180 197 255 136 91 93 163 114 142 135 38 71 56 71 215 252 70 28 80 199 255 255 135 39 186 164 173 255 255 255 201 51 43 77 32 39 121 83 31 68 171 102 35 45 24 65 77 55 35 22 13 33 37 34 27 34 40 48 60 40 0
0 37 93 110 97 7 22 17 28 47 255 255 255 255 255 255 255 255 255 255 255 255 255 255 255 255 255 255 255 255 255 255 227 168 135 204 213 255 213 43 102 186 144 142 87 40 60 63 66 172 250 123 10 70 180 227 255 255 148 210 149 229 255 255 199 111 42 45 70 29 50 124 92 65 73 142 106 55 60 64 87 33 59 36 25 18 27 22 28 31 34 29 31 53 52 0
0 252 83 86 86 33 42 46 66 52 230 255 255 255 255 255 255 255 255 255 237 147 93 137 166 152 123 97 62 30 11 55 146 255 255 99 255 255 173 55 82 173 182 143 58 39 50 79 69 116 231 171 29 72 164 152 199 255 255 255 188 170 255 255 100 73 42 37 59 36 46 119 82 58 69 116 89 69 49 11 68 73 29 41 25 14 21 19 25 31 24 15 15 35 49 0
0 255 36 53 75 22 22 3 39 20 122 113 86 69 26 24 14 13 39 81 85 63 43 27 21 29 37 38 14 15 114 255 255 255 12 255 255 232 118 69 29 123 232 171 33 55 79 82 81 94 200 198 34 75 133 84 87 169 255 255 255 34 255 255 85 72 54 36 35 46 22 98 68 53 57 107 81 47 46 8 28 62 60 45 39 26 18 11 19 20 15 4 7 23 47 0
0 255 58 70 79 42 46 34 52 77 111 113 77 63 47 33 19 11 14 4 7 12 4 7 10 4 9 15 8 104 255 255 70 235 255 255 196 91 83 55 26 79 232 192 41 84 107 87 91 82 161 187 44 78 90 64 60 41 151 255 255 215 255 255 255 184 61 25 13 57 39 80 52 39 48 100 48 24 59 38 41 44 61 89 74 38 9 1 16 12 22 5 4 16 42 0
0 255 101 46 49 69 45 17 17 24 69 101 51 13 13 7 13 7 14 7 1 10 12 14 15 12 9 6 48 221 242 162 255 255 199 97 68 57 66 62 31 56 187 199 134 148 108 76 80 79 141 143 36 62 44 66 68 13 38 238 255 255 24 255 255 255 251 32 39 52 50 68 38 40 47 86 24 7 70 55 25 38 22 32 16 27 11 8 17 17 25 2 8 20 31 0
0 255 109 20 21 17 26 24 23 22 71 105 53 12 9 6 18 14 16 10 1 7 3 7 18 20 14 19 120 172 156 255 204 93 43 30 40 49 62 62 34 21 134 214 219 189 128 98 91 84 125 86 22 22 27 77 65 19 31 110 255 255 255 157 222 255 255 255 99 38 54 56 19 32 50 97 63 43 46 86 42 37 5 28 51 27 7 18 14 24 18 21 21 31 24 0
0 255 203 74 27 20 17 66 99 110 108 87 48 14 15 12 10 7 15 13 3 14 15 17 8 16 18 74 138 38 124 96 45 31 36 16 20 43 68 61 40 30 53 126 163 151 140 123 87 69 93 42 15 7 38 79 51 32 39 45 103 255 255 255 201 127 255 255 255 92 44 52 1 4 45 103 43 76 18 92 46 37 12 14 35 18 31 20 12 27 14 25 20 32 12 0
0 216 144 152 50 62 76 84 98 123 103 33 39 21 14 10 5 17 22 10 13 20 12 24 28 8 91 184 74 79 75 44 21 26 37 11 8 30 69 60 46 47 26 32 57 84 100 86 64 63 61 20 8 17 50 61 45 47 46 40 49 135 255 255 255 185 57 255 255 255 28 76 38 31 55 117 25 59 53 60 32 28 10 8 21 39 38 23 19 30 15 13 29 25 14 0
0 124 20 173 66 25 36 49 64 61 39 44 36 25 12 10 12 17 11 15 26 18 15 20 35 30 158 95 113 87 49 31 13 26 35 6 7 19 62 59 48 51 35 46 33 30 59 79 84 77 48 12 22 33 47 52 53 48 42 37 33 53 123 255 255 255 181 54 255 255 180 97 36 36 47 123 44 32 41 17 57 59 31 13 2 46 34 14 16 29 20 9 36 13 21 0
0 74 117 178 117 35 53 73 61 39 45 38 42 24 16 5 10 16 2 27 25 13 20 15 28 42 149 115 121 58 39 18 8 26 28 2 5 13 56 59 45 51 36 47 44 38 18 35 52 46 26 33 34 34 41 50 52 30 37 42 26 24 34 110 255 255 255 255 94 255 255 113 13 17 32 117 45 13 46 36 35 37 24 14 36 50 34 17 19 28 20 19 42 23 28 0
0 81 65 183 159 39 64 63 54 34 42 17 47 14 24 12 15 19 20 34 22 18 28 20 34 52 84 48 50 50 29 14 13 27 20 8 8 14 51 54 40 53 45 44 43 43 35 17 2 20 45 42 29 31 35 45 44 20 40 46 22 21 16 21 119 218 255 255 255 157 255 255 44 10 18 100 66 15 29 26 29 56 51 54 62 56 49 41 32 32 22 14 36 36 26 0
0 142 137 148 113 116 58 45 101 16 38 20 44 11 24 10 16 27 32 35 26 23 30 16 41 55 66 30 43 51 18 8 19 27 12 13 7 23 45 45 35 47 50 50 52 45 38 27 17 44 55 36 26 33 32 38 37 26 48 43 19 22 13 3 30 83 137 255 255 255 255 255 205 24 18 93 79 27 10 11 29 59 58 64 57 47 42 32 33 36 34 13 22 32 20 0
0 172 169 77 34 85 99 58 128 28 61 45 42 19 12 7 17 28 29 27 25 22 27 11 43 59 62 18 47 34 2 5 25 24 7 12 7 32 39 37 34 41 37 41 65 66 58 52 54 67 52 31 27 31 27 32 34 35 50 36 19 21 10 3 8 23 45 114 255 255 177 255 255 60 44 115 57 18 17 17 35 43 43 44 28 28 15 14 24 36 43 11 11 18 24 0
0 51 92 77 53 53 98 47 77 91 76 66 47 26 8 8 28 14 12 16 17 13 16 12 41 57 55 29 41 8 10 8 29 20 2 8 4 39 31 34 38 43 26 19 51 69 76 76 76 67 43 28 25 24 22 32 35 39 48 33 20 19 7 4 5 10 19 36 93 255 255 122 255 255 102 142 34 7 5 14 43 46 51 61 37 24 5 4 9 30 49 14 10 21 26 0
0 14 63 73 59 79 54 20 27 57 41 59 44 29 13 12 24 16 12 14 13 15 12 18 38 49 42 27 24 11 7 12 29 17 2 6 5 43 19 29 47 43 21 15 25 35 46 50 47 36 28 24 18 18 27 39 39 37 42 32 18 16 7 5 7 7 10 18 30 121 255 255 255 255 242 158 41 17 14 21 28 33 39 63 60 35 8 0 0 26 49 24 3 16 19 0
0 14 53 63 15 28 32 17 44 14 49 48 42 32 13 13 17 24 29 23 18 27 27 38 57 51 23 12 11 14 12 10 26 15 5 1 8 43 9 19 52 43 18 20 24 21 17 16 15 14 17 15 11 22 37 38 34 29 35 32 14 12 7 8 11 10 4 12 21 47 244 255 131 255 255 161 60 38 25 25 26 39 21 40 69 40 11 0 0 24 41 26 15 15 13 0
0 35 66 79 12 29 24 24 30 16 45 44 38 37 21 18 14 32 40 29 29 35 29 26 77 56 7 5 7 9 12 8 21 14 9 7 8 37 11 13 45 43 17 21 28 32 25 23 24 23 18 17 19 33 38 28 26 24 32 31 10 9 4 4 8 11 9 21 24 25 101 255 255 229 255 192 47 27 12 26 42 77 49 45 66 35 11 0 0 25 28 25 31 20 10 0
0 38 73 103 30 39 5 17 30 42 58 52 29 35 22 22 16 42 46 24 28 33 21 35 91 49 2 5 4 9 10 9 18 14 12 11 9 25 20 12 30 41 18 15 14 33 36 36 36 30 23 19 28 36 29 17 20 24 30 29 10 9 4 6 5 10 13 21 21 15 29 141 255 176 255 255 38 9 11 25 67 103 45 45 51 25 8 0 0 22 20 29 48 35 13 0
0 24 73 129 61 67 92 96 94 85 58 45 15 29 16 21 23 44 34 12 13 18 10 51 96 37 4 7 3 15 7 14 18 13 11 16 6 15 25 10 18 39 27 10 11 19 31 29 25 23 25 22 31 32 22 12 17 23 25 29 14 8 4 7 2 5 5 15 23 13 20 41 255 255 255 255 49 24 35 15 86 96 38 31 32 14 4 8 22 35 27 18 41 47 17 0
0 29 75 134 61 55 131 175 207 231 170 72 12 35 23 27 31 31 13 18 16 12 11 66 98 23 8 12 17 24 14 20 17 13 11 15 5 15 31 7 7 36 38 3 28 23 27 27 21 21 21 18 24 25 18 13 17 22 20 28 15 5 7 5 5 8 8 10 27 15 21 46 151 255 119 255 146 31 19 48 93 86 25 12 16 3 1 36 66 65 42 4 25 50 27 0
0 33 52 106 77 98 110 53 65 123 141 133 49 36 29 32 32 22 8 12 24 19 10 90 98 8 7 26 31 15 18 19 17 17 12 11 8 23 43 12 5 32 44 5 41 27 19 24 22 22 21 25 25 26 18 14 15 22 19 21 12 5 5 5 12 15 14 4 29 23 28 44 88 255 24 255 171 121 77 74 115 92 11 4 15 0 1 67 77 75 67 2 21 52 31 0
0 13 41 93 58 49 146 161 135 122 112 152 66 31 18 15 10 10 17 5 29 29 10 111 92 21 15 39 19 7 14 15 18 19 12 6 6 27 51 10 18 31 46 10 44 24 6 15 22 18 22 30 30 30 21 17 12 18 17 13 7 7 8 5 15 9 13 12 32 24 31 32 49 255 95 255 143 105 117 120 149 103 7 6 11 0 7 82 71 76 77 6 17 49 34 0
0 7 89 166 133 92 57 152 172 202 182 127 37 31 16 11 8 8 24 21 32 38 30 114 76 32 22 36 17 19 7 9 22 19 13 10 10 20 52 11 24 27 40 21 35 25 7 13 25 8 22 18 18 18 13 15 14 14 16 8 5 4 7 7 15 8 11 20 31 18 24 21 32 255 214 255 199 42 56 109 155 129 42 12 14 9 13 84 59 76 67 14 18 37 45 0
0 27 137 165 61 131 104 40 95 104 87 38 12 32 19 19 16 17 22 17 19 26 35 100 47 29 23 24 31 25 15 3 23 17 16 16 9 13 43 6 19 13 29 33 19 31 14 18 29 9 24 13 10 8 4 4 9 13 10 4 5 6 7 9 14 10 9 21 24 14 15 5 16 255 255 255 255 77 85 95 98 109 100 58 26 29 38 85 44 63 67 49 33 16 23 0
0 29 126 162 103 51 172 110 41 36 39 41 14 31 15 20 17 19 10 11 14 11 45 84 12 27 25 26 24 23 19 16 18 15 19 18 10 12 30 12 12 7 13 41 4 41 10 27 24 16 18 3 2 3 3 4 8 14 13 10 4 7 11 10 11 8 11 23 20 10 10 2 11 177 255 190 255 63 88 101 78 24 81 115 98 49 66 71 10 46 40 63 65 45 58 0
0 78 31 113 163 78 115 131 56 58 53 30 4 48 17 14 10 10 2 2 2 7 60 71 24 28 27 20 21 21 3 13 14 15 21 21 12 10 19 23 5 19 8 41 10 49 5 39 14 18 13 9 5 2 1 7 12 15 14 13 12 13 4 12 13 10 17 26 19 12 10 7 13 87 255 86 255 74 64 72 61 69 67 65 124 64 30 65 81 89 76 73 49 22 50 0
0 108 91 22 150 140 128 119 36 12 41 24 19 60 20 15 28 17 5 1 8 9 65 61 53 30 27 21 52 29 20 12 6 13 22 20 8 7 13 30 6 26 13 46 8 56 25 41 8 18 9 15 12 9 8 11 12 14 11 11 12 17 17 17 20 20 18 27 18 15 12 13 10 38 255 62 255 163 63 79 96 132 176 175 110 17 72 75 68 51 27 28 32 26 57 0
0 49 93 92 93 48 41 89 50 48 62 27 33 54 24 26 40 21 14 4 11 8 64 52 73 29 32 49 62 18 21 17 9 15 24 19 6 8 14 32 4 35 13 54 3 51 39 32 15 15 10 22 12 9 10 14 8 8 19 5 12 17 25 22 24 27 24 26 20 13 11 18 5 13 255 176 255 255 117 127 145 131 101 92 69 60 20 26 35 33 18 18 18 38 64 0
0 24 59 131 170 182 217 255 255 255 255 168 63 35 24 22 41 21 27 7 11 18 60 35 81 33 50 70 54 8 23 20 11 16 21 17 10 11 16 32 11 41 5 47 18 22 44 10 19 8 9 26 11 3 5 8 2 5 22 4 15 16 24 29 30 18 19 19 20 9 19 17 2 1 255 255 255 255 105 121 125 62 8 2 72 82 10 50 26 63 20 15 14 50 62 0
0 250 255 255 255 255 255 255 255 255 255 248 76 22 26 9 44 17 36 10 13 30 54 13 84 48 68 92 46 5 22 24 14 16 16 15 10 10 19 33 17 38 5 30 6 14 34 14 15 2 9 24 11 8 10 11 8 8 22 12 17 16 22 32 36 14 11 11 20 9 29 19 4 3 182 255 255 255 54 94 76 12 2 0 68 84 15 48 36 51 18 32 12 40 63 0
0 255 255 255 255 255 255 191 103 225 255 254 66 17 28 1 41 11 39 13 12 40 48 10 88 60 83 115 38 9 20 23 18 18 15 19 14 11 22 32 17 36 9 15 12 32 15 22 8 4 9 20 11 2 4 5 11 12 21 17 13 15 20 31 38 13 11 11 22 11 37 24 7 8 96 255 255 255 56 74 51 16 6 0 51 87 35 18 25 19 7 35 22 20 55 0
0 217 172 111 43 63 222 255 255 255 195 165 64 26 17 7 23 13 30 17 6 49 37 31 90 56 107 131 25 22 27 19 18 21 17 22 14 11 17 26 6 31 11 5 23 41 8 18 11 14 11 19 17 6 7 4 12 10 17 11 2 12 21 32 38 17 8 10 26 14 41 29 12 7 38 255 207 255 65 65 67 45 15 0 35 84 41 21 22 13 19 27 24 19 52 0
0 9 20 103 235 255 255 255 221 84 34 152 73 42 1 9 5 7 14 17 16 58 29 42 87 38 134 115 7 33 29 17 18 22 18 18 11 7 13 20 4 23 18 22 36 32 14 8 10 16 17 22 19 5 1 7 12 4 7 12 9 11 24 36 42 26 14 12 30 16 42 29 6 4 18 255 124 255 125 45 62 60 14 14 44 86 29 15 17 31 31 21 13 24 69 0
0 66 183 255 255 255 206 99 38 6 18 166 73 52 8 5 4 3 5 11 27 59 18 45 81 14 119 91 39 31 24 14 15 19 14 15 15 11 14 16 11 19 25 36 35 10 15 1 8 13 19 25 20 8 5 3 9 5 5 12 15 10 28 40 51 40 21 16 31 14 45 31 5 6 13 255 6 255 233 47 70 54 26 45 62 69 2 2 22 33 37 24 17 16 78 0
0 255 255 255 168 50 29 35 36 30 34 183 76 61 4 4 4 5 4 14 47 54 4 48 75 39 105 110 40 21 21 14 12 14 12 16 19 14 11 13 22 18 21 28 13 11 12 5 8 10 18 24 21 7 5 0 8 2 4 12 18 13 31 47 61 57 23 29 31 17 52 33 8 10 15 247 135 255 255 55 71 41 26 2 39 51 10 15 15 22 48 8 32 27 63 0
0 255 193 67 41 34 30 37 37 18 42 202 80 75 3 5 10 11 10 21 56 35 30 50 68 67 77 120 26 14 20 12 12 13 12 18 19 17 12 14 29 15 15 13 7 12 8 7 10 10 20 24 20 10 8 1 7 3 5 12 16 15 16 54 76 79 28 42 30 15 56 35 13 9 14 187 253 255 255 67 89 49 25 45 57 73 21 20 3 30 69 46 48 42 40 0
0 94 21 13 16 21 18 25 37 23 59 211 73 83 5 7 7 10 17 31 58 34 43 44 60 76 91 141 10 19 18 13 15 12 12 17 16 22 12 7 30 14 13 5 10 8 4 12 8 9 21 22 19 15 10 5 4 3 2 10 20 28 15 34 90 110 38 41 21 9 54 36 20 10 16 112 255 235 255 61 92 70 28 15 32 82 42 26 21 18 49 20 10 45 42 0
0 17 18 20 5 12 17 24 41 32 80 213 58 82 8 17 28 45 56 61 70 27 33 32 50 74 112 144 22 25 16 11 10 7 10 11 14 25 14 7 26 22 9 15 13 2 14 13 8 10 19 22 19 17 13 13 10 6 2 5 15 30 42 14 72 140 61 43 16 5 50 33 22 5 4 29 255 152 255 100 74 65 64 38 39 67 32 65 52 13 31 24 21 32 44 0
0 11 7 20 19 20 19 26 39 31 92 218 70 78 47 41 38 21 7 45 76 21 32 30 45 69 120 140 36 25 11 5 4 7 9 8 16 24 16 10 20 28 12 26 17 17 20 12 12 11 17 26 20 14 12 10 7 8 11 11 18 29 54 63 28 140 97 39 19 6 47 33 20 5 3 4 211 29 255 175 43 41 56 47 67 37 34 7 50 41 25 34 20 12 38 0
0 19 29 42 35 21 24 51 79 102 146 173 60 70 40 34 26 7 13 61 86 21 39 42 46 57 124 128 41 20 9 0 3 8 9 10 16 19 15 17 19 33 17 29 18 18 13 8 11 10 13 26 23 10 7 8 4 7 12 16 26 41 55 81 71 100 123 15 21 16 46 33 16 9 8 8 203 109 255 255 21 43 44 50 80 37 48 69 61 39 34 28 7 2 31 0
0 14 22 73 137 201 249 255 251 234 222 125 45 65 55 59 64 22 36 91 87 23 48 55 45 37 130 113 45 15 6 1 6 6 11 14 11 15 13 17 16 35 29 17 10 14 8 7 9 8 13 24 24 14 10 14 18 17 13 13 24 46 43 63 93 65 109 20 21 25 43 31 19 11 11 8 203 195 255 255 9 42 53 58 37 29 43 42 17 23 23 14 10 7 24 0
0 0 0 0 0 0 0 0 0 0 0 0 0 0 0 0 0 0 0 0 0 0 0 0 0 0 0 0 0 0 0 0 0 0 0 0 0 0 0 0 0 0 0 0 0 0 0 0 0 0 0 0 0 0 0 0 0 0 0 0 0 0 0 0 0 0 0 0 0 0 0 0 0 0 0 0 0 0 0 0 0 0 0 0 0 0 0 0 0 0 0 0 0 0 0 0